Shellfish Landings Analysis by Species Groups
Generated on: 2024-10-26 10:37:37
==================================================

Summary by Species Group
======================
                 Total_Landings  Average_Landings  Number_of_Records
species_group                                                       
Crabs                1288077018         147546.05               8730
Shrimp & Prawns       582600810          93156.51               6254
Abalone               351272524          49232.31               7135
Oysters               225985552          60086.56               3761
Clams                   9946978           2532.97               3927

Summary by Port and Species Group
==============================
species_group    Abalone    Clams      Crabs    Oysters  Shrimp & Prawns
port                                                                    
All            175636262  4973489  644038509  112992776        291300405
Eureka             19474   497360  425472506   72251897        211745877
Los Angeles     42460304   393886   14683758        573          2122818
Monterey        28647841   368279    4083046     318442          1162085
San Diego       11514196   477643    4699507        166           462995
San Francisco    3218487   727840  167719814   25308479         48996435
Santa Barbara   89775960  2508481   27379878   15113219         26810195

Summary by Year and Species Group
==============================
species_group     Abalone     Clams       Crabs     Oysters  Shrimp & Prawns
year                                                                        
1928            4132486.0  387428.0   7149468.0   1506296.0        4561742.0
1929            6877716.0  580316.0   3585552.0    998414.0        6109496.0
1930            6353026.0  502678.0   3984792.0   1247220.0        5393134.0
1931            6524332.0  476704.0   4462880.0   2988422.0        3377754.0
1932            5634690.0  590982.0   4868264.0    781582.0        5365578.0
1933            5512376.0  450140.0   6446624.0    856480.0        4177508.0
1934            6446984.0  520060.0   7585302.0   1220356.0        3569146.0
1935            7741842.0  618808.0   7386010.0   1338114.0        6894884.0
1936            6604390.0  544738.0   4656008.0   1330528.0        4485420.0
1937            5726350.0  555222.0   3258806.0   2177894.0        2223604.0
1938            4242936.0  531124.0   7745022.0   3040648.0        3702422.0
1939            3608880.0  477420.0  11891890.0   3485790.0        2360500.0
1940            3448168.0  415850.0  10304772.0   2860778.0        2165102.0
1941            2004650.0  382980.0   8525202.0   3658318.0        1915018.0
1942             328924.0  208956.0   4828332.0   1414682.0        1601916.0
1943            1360548.0   93436.0   4630676.0   1702862.0         506516.0
1944            3260804.0   71768.0   5870632.0   1487164.0         583948.0
1945            4858624.0   67422.0   8692166.0    750638.0         767198.0
1946            4191524.0  179036.0  19288810.0    345218.0         874640.0
1947            5338570.0  143008.0  21496880.0    359628.0        1685546.0
1948            6457454.0  136914.0  23824382.0    995524.0        1858956.0
1949            7199996.0  125884.0  22266092.0    563338.0        1608786.0
1950            7909582.0  115408.0  23442704.0    594786.0        1837942.0
1951            8168230.0  153016.0  23178986.0    660038.0        1868034.0
1952            9568066.0  121108.0  25951262.0    698824.0        2242118.0
1953            9440700.0  120234.0  16648330.0    582506.0        2013560.0
1954            8199050.0  110248.0  15734532.0   1183190.0        2075210.0
1955            8371750.0   92660.0  12335870.0   3589090.0        3044902.0
1956            8568126.0   76000.0  28758680.0  12547200.0        3776760.0
1957           10843828.0   32514.0  38539230.0  22583378.0        3134820.0
1958            8448036.0   26858.0  34899456.0  19293822.0        3551092.0
1959            9123654.0   25876.0  34783590.0  27551010.0        3640478.0
1960            8532816.0   18262.0  29980756.0  21377856.0        4042368.0
1961            9107532.0   16038.0  23726014.0  20306552.0        4009518.0
1962            8366362.0   16786.0   6845768.0  22277664.0        3574696.0
1963            8687758.0    7758.0   4384144.0   2538034.0        4205466.0
1964            8158446.0    8266.0   4158496.0   2719294.0        1948200.0
1965            9152168.0       0.0  10265184.0   2125584.0        2864852.0
1966            9927112.0       0.0  25414046.0   1600854.0        2450350.0
1967            8843162.0    5064.0  24081748.0   1484282.0        2862474.0
1968            8949684.0       0.0  32734850.0   1323438.0        4576100.0
1969            7316156.0       0.0  16885608.0   1426090.0        5921354.0
1970            5801626.0       0.0  31908400.0   2238968.0        7952738.0
1971            5890636.0     330.0  20406956.0   1957652.0        5393954.0
1972            6187156.0       0.0   4813018.0   1770310.0        4927994.0
1973            6386320.0       0.0   3957322.0   1453774.0        2506722.0
1974            5189986.0       0.0   3096108.0   1599484.0        5173086.0
1975            4276948.0     288.0  10273060.0   1599770.0       10408052.0
1976            3465636.0       0.0  33909080.0   1432712.0        7164186.0
1977            2870582.0     706.0  69462866.0   1859088.0       31400822.0
1978            2588952.0    1182.0  20628628.0   2050254.0       25120898.0
1979            1984600.0  695576.0  27893308.0   2289246.0       10979542.0
1980            2477616.0   15812.0  34050436.0   1731576.0        7767560.0
1981            2219772.0    8242.0   9459260.0   2123976.0        8531572.0
1982            2481228.0    8332.0   6326860.0   2220124.0        9766262.0
1983            1680668.0   22716.0  10700944.0     83062.0        2746166.0
1984            1652490.0   16390.0  11863228.0         0.0        2732230.0
1985            1644604.0   21224.0  12251184.0        20.0        3792112.0
1986            1230406.0   53608.0  17516094.0         0.0       10456510.0
1987            1526428.0   13328.0  16637258.0         0.0       15396134.0
1988            1135676.0   13340.0  25268426.0       216.0       23306680.0
1989            1481452.0    9794.0  14188112.0       138.0       27711010.0
1990            1047952.0    7744.0  24498736.0       228.0       18518286.0
1991             761418.0    7844.0  11931802.0      1480.0       21872628.0
1992            1018790.0    6684.0  19770126.0         0.0       38287548.0
1993             923054.0    6410.0  27036918.0         0.0       15429888.0
1994             600510.0    6584.0  29088074.0         0.0       23833340.0
1995             526396.0    5658.0  20614630.0         6.0       13391064.0
1996             458362.0    3388.0  27092568.0         0.0       21292504.0
1997             225772.0    5370.0  22659412.0        82.0       30332910.0
1998                  0.0    2454.0  24119562.0         0.0        6376192.0
1999                  0.0    2638.0  19149078.0         0.0       12521448.0
2000                  0.0    1818.0  15241526.0         0.0        9082782.0
2001                  0.0    2358.0   9572444.0         0.0        8954730.0
2002                  0.0     190.0  17193778.0         0.0       10044152.0

Percentage of Total Landings by Species Group
=========================================
Crabs: 52.41%
Shrimp & Prawns: 23.7%
Abalone: 14.29%
Oysters: 9.19%
Clams: 0.4%

==================================================
End of Report
